0.005928	 0.005928
0.011856	 0.013548
0.011856	 0.026003
0.033024	 0.034374
0.033024	 0.043458
0.062768	 0.047703
0.062768	 0.053432
0.062768	 0.060089
0.092512	 0.064060
0.092512	 0.069124
0.092512	 0.074984
0.112816	 0.079749
0.112816	 0.085233
0.112816	 0.091282
0.131696	 0.096524
0.131696	 0.102292
0.131696	 0.108491
0.150576	 0.114001
0.150576	 0.119925
0.150576	 0.126201
0.169456	 0.131879
0.169456	 0.137899
0.169456	 0.144217
0.188336	 0.150008
0.188336	 0.156091
0.188336	 0.162432
0.207216	 0.168303
0.207216	 0.174429
0.207216	 0.180784
0.226096	 0.186715
0.226096	 0.192873
0.226096	 0.199236
0.244976	 0.205213
0.244976	 0.211394
0.244976	 0.217761
0.263856	 0.223774
0.263856	 0.229973
0.263856	 0.236342
0.282736	 0.242384
0.282736	 0.248597
0.282736	 0.254966
0.301616	 0.261033
0.301616	 0.267256
0.301616	 0.273626
0.320496	 0.279713
0.320496	 0.285945
0.320496	 0.292314
0.339376	 0.298417
0.339376	 0.304657
0.339376	 0.311024
0.358256	 0.317142
0.358256	 0.323388
0.358256	 0.329755
0.377136	 0.335885
0.377136	 0.342136
0.377136	 0.348501
0.396016	 0.354642
0.396016	 0.360897
0.396016	 0.367261
0.414896	 0.373412
0.414896	 0.379671
0.414896	 0.386032
0.433776	 0.392192
0.433776	 0.398454
0.433776	 0.404814
0.452656	 0.410981
0.452656	 0.417245
0.452656	 0.423604
0.471536	 0.429778
0.471536	 0.436045
0.471536	 0.442401
0.490416	 0.448582
0.490416	 0.454851
0.490416	 0.461206
0.509296	 0.467391
0.509296	 0.473663
0.509296	 0.480016
0.528176	 0.486207
0.528176	 0.492480
0.528176	 0.498832
0.547056	 0.505027
0.547056	 0.511301
0.547056	 0.517652
0.565936	 0.523851
0.565936	 0.530127
0.565936	 0.536476
0.584816	 0.542680
0.584816	 0.548956
0.584816	 0.555304
0.603696	 0.561511
0.603696	 0.567789
0.603696	 0.574136
0.622576	 0.580346
0.622576	 0.586625
0.622576	 0.592971
0.641456	 0.599184
0.641456	 0.605464
0.641456	 0.611808
0.660336	 0.618024
0.660336	 0.624305
0.660336	 0.630648
0.679216	 0.636867
0.679216	 0.643148
0.679216	 0.649490
0.698096	 0.655711
0.698096	 0.661993
0.698096	 0.668334
0.716976	 0.674558
0.716976	 0.680841
0.716976	 0.687181
0.735856	 0.693406
0.735856	 0.699690
0.735856	 0.706029
0.754736	 0.712256
0.754736	 0.718540
0.754736	 0.724878
0.773616	 0.731108
0.773616	 0.737392
0.773616	 0.743730
0.792496	 0.749961
0.792496	 0.756246
0.792496	 0.762582
0.811376	 0.768816
0.811376	 0.775101
0.811376	 0.781436
0.830256	 0.787671
0.830256	 0.793957
0.830256	 0.800291
0.849136	 0.806528
0.849136	 0.812814
0.849136	 0.819148
0.868016	 0.825386
0.868016	 0.831672
0.868016	 0.838005
0.886896	 0.844244
0.886896	 0.850531
0.886896	 0.856863
0.905776	 0.863104
0.905776	 0.869391
0.905776	 0.875723
0.924656	 0.881965
0.924656	 0.888252
0.924656	 0.894583
0.943536	 0.900826
0.943536	 0.907113
0.943536	 0.913444
0.962416	 0.919688
0.962416	 0.925976
0.962416	 0.932306
0.981296	 0.938551
0.981296	 0.944839
0.981296	 0.951168
1.000180	 0.957415
1.000180	 0.963703
1.000180	 0.970031
1.019060	 0.976279
1.019060	 0.982567
1.019060	 0.988895
1.037940	 0.995143
1.037940	 1.001432
1.037940	 1.007759
1.056820	 1.014009
1.056820	 1.020297
1.056820	 1.026625
1.075700	 1.032819
1.075700	 1.038995
1.075700	 1.045153
1.094580	 1.051182
1.094580	 1.057196
1.094580	 1.063194
1.113460	 1.069067
1.113460	 1.074927
1.113460	 1.080773
1.132340	 1.086498
1.132340	 1.092213
1.132340	 1.097916
1.151220	 1.103501
1.151220	 1.109076
1.151220	 1.114642
1.170100	 1.120094
1.170100	 1.125539
1.170100	 1.130975
1.188980	 1.136300
1.188980	 1.141619
1.188980	 1.146931
1.207860	 1.152135
1.207860	 1.157335
1.207860	 1.162529
1.226740	 1.167618
1.226740	 1.172703
1.226740	 1.177784
1.245620	 1.182764
1.245620	 1.187741
1.245620	 1.192715
1.264500	 1.197589
1.264500	 1.202462
1.264500	 1.207334
1.283380	 1.212108
1.283380	 1.216882
1.283380	 1.221656
1.302260	 1.226335
1.302260	 1.231014
1.302260	 1.235694
1.321140	 1.240282
1.321140	 1.244871
1.321140	 1.249461
1.340020	 1.253961
1.340020	 1.258464
1.340020	 1.262968
1.358900	 1.267385
1.358900	 1.271804
1.358900	 1.276226
1.377780	 1.280563
1.377780	 1.284903
1.377780	 1.289247
1.396660	 1.293506
1.396660	 1.297770
1.396660	 1.302038
1.415540	 1.306224
1.415540	 1.310415
1.415540	 1.314611
1.434420	 1.318726
1.434420	 1.322847
1.434420	 1.326973
1.453300	 1.331021
1.453300	 1.335074
1.453300	 1.339134
1.472180	 1.343116
1.472180	 1.347105
1.472180	 1.351100
1.491060	 1.355019
1.491060	 1.358946
1.491060	 1.362879
1.509940	 1.366739
1.509940	 1.370605
1.509940	 1.374479
1.528820	 1.378281
1.528820	 1.382090
1.528820	 1.385907
1.547700	 1.389652
1.547700	 1.393406
1.547700	 1.397168
1.566580	 1.400860
1.566580	 1.404560
1.566580	 1.408269
1.585460	 1.411909
1.585460	 1.415558
1.585460	 1.419215
1.604340	 1.422805
1.604340	 1.426405
1.604340	 1.430013
1.623220	 1.433555
1.623220	 1.437106
1.623220	 1.440667
1.642100	 1.444163
1.642100	 1.447668
1.642100	 1.451183
1.660980	 1.454633
1.660980	 1.458094
1.660980	 1.461564
1.679860	 1.464972
1.679860	 1.468390
1.679860	 1.471817
1.698740	 1.475183
1.698740	 1.478559
1.698740	 1.481945
1.717620	 1.485270
1.717620	 1.488606
1.717620	 1.491952
1.736500	 1.495238
1.736500	 1.498535
1.736500	 1.501843
1.755380	 1.505091
1.755380	 1.508351
1.755380	 1.511621
1.774260	 1.514833
1.774260	 1.518055
1.774260	 1.521289
1.793140	 1.524466
1.793140	 1.527653
1.793140	 1.530852
1.812020	 1.533995
1.812020	 1.537148
1.812020	 1.540313
1.830900	 1.543422
1.830900	 1.546543
1.830900	 1.549674
1.849780	 1.552751
1.849780	 1.555840
1.849780	 1.558940
1.868660	 1.561986
1.868660	 1.565043
1.868660	 1.568112
1.887540	 1.571128
1.887540	 1.574156
1.887540	 1.577194
1.906420	 1.580181
1.906420	 1.583179
1.906420	 1.586189
1.925300	 1.589147
1.925300	 1.592117
1.925300	 1.595099
1.944180	 1.598029
1.944180	 1.600972
1.944180	 1.603926
1.963060	 1.606830
1.963060	 1.609746
1.971070	 1.612647
1.981940	 1.615525
1.989950	 1.618390
1.999390	 1.621235
2.008830	 1.624063
2.018270	 1.626872
2.027710	 1.629664
2.037150	 1.632437
2.046590	 1.635194
2.056030	 1.637933
2.065470	 1.640654
2.074910	 1.643359
2.084350	 1.646046
2.093790	 1.648717
2.103230	 1.651372
2.112670	 1.654010
2.122110	 1.656631
2.131550	 1.659237
2.140990	 1.661826
4.647590	 1.656763
2.150430	 1.659373
2.159870	 1.661967
2.169310	 1.664546
2.178750	 1.667109
2.188190	 1.669656
2.197630	 1.672188
2.207070	 1.674705
2.216510	 1.677207
2.225950	 1.679694
2.235390	 1.682166
2.244830	 1.684624
4.760870	 1.679673
2.254270	 1.682151
2.263710	 1.684615
2.273150	 1.687064
2.282590	 1.689499
2.292030	 1.691920
4.817510	 1.687034
2.301470	 1.689476
2.310910	 1.691903
2.320350	 1.694316
2.329790	 1.696716
2.339230	 1.699101
2.348670	 1.701474
4.883590	 1.696658
2.358110	 1.699050
2.367550	 1.701429
2.376990	 1.703794
2.386430	 1.706147
2.395870	 1.708486
2.405310	 1.710812
4.949670	 1.706063
2.414750	 1.708409
2.424190	 1.710742
2.433630	 1.713062
2.443070	 1.715369
4.996870	 1.710673
2.452510	 1.712999
2.461950	 1.715312
2.471390	 1.717639
2.480830	 1.719978
5.072390	 1.715333
2.490270	 1.717742
2.499710	 1.720164
2.509150	 1.722599
2.518590	 1.725045
5.166790	 1.720449
2.528030	 1.722963
2.537470	 1.725490
2.546910	 1.728028
2.556350	 1.730578
5.261190	 1.726027
2.565790	 1.728643
2.575230	 1.731271
2.584670	 1.733909
2.594110	 1.736558
5.355590	 1.732051
2.603550	 1.734764
2.612990	 1.737488
2.622430	 1.740223
5.431110	 1.735753
2.631870	 1.738550
2.641310	 1.741358
2.650750	 1.744175
5.506630	 1.739740
2.660190	 1.742619
2.669630	 1.745508
2.679070	 1.748405
5.582150	 1.744005
2.688510	 1.746963
2.697950	 1.749907
2.707390	 1.752835
5.629350	 1.748468
2.716830	 1.751410
2.726270	 1.754336
2.735710	 1.757249
5.667110	 1.752914
2.745150	 1.755839
2.754590	 1.758750
2.764030	 1.761647
5.704870	 1.757344
2.773470	 1.760253
2.782910	 1.763148
5.733190	 1.758873
2.792350	 1.761780
2.801790	 1.764673
2.811230	 1.767552
5.770950	 1.763308
2.820670	 1.766199
2.830110	 1.769076
5.799270	 1.764859
2.839550	 1.767748
2.848990	 1.770623
2.858430	 1.773485
5.837030	 1.769297
2.867870	 1.772171
2.877310	 1.775031
5.865350	 1.770869
2.886750	 1.773741
2.896190	 1.776599
2.905630	 1.779445
5.903110	 1.775311
2.915070	 1.778168
2.924510	 1.781012
5.931430	 1.776903
2.933950	 1.779758
2.943390	 1.782600
5.959750	 1.778517
2.952830	 1.781370
2.962270	 1.784211
5.988070	 1.780151
2.971710	 1.783003
2.981150	 1.785842
6.016390	 1.781806
2.990590	 1.784656
3.000030	 1.787493
6.044710	 1.783482
3.009470	 1.786330
3.018910	 1.789165
6.073030	 1.785177
3.028350	 1.788023
3.037790	 1.790857
6.101350	 1.786891
3.047230	 1.789736
3.056670	 1.792568
6.129670	 1.788624
3.066110	 1.791467
3.075550	 1.794297
6.157990	 1.790376
3.084990	 1.793217
3.094430	 1.796046
6.186310	 1.792146
3.103870	 1.794986
3.113310	 1.797812
6.214630	 1.793934
3.122750	 1.796772
3.132190	 1.799597
6.242950	 1.795740
3.141630	 1.798575
3.151070	 1.801399
6.271270	 1.797563
3.160510	 1.800396
3.169950	 1.803218
6.299590	 1.799402
3.179390	 1.802234
6.318470	 1.798437
3.188830	 1.801278
3.198270	 1.804108
6.346790	 1.800331
3.207710	 1.803171
3.217150	 1.805998
6.375110	 1.802241
3.226590	 1.805078
6.393990	 1.801339
3.236030	 1.804186
3.245470	 1.807021
6.422310	 1.803300
3.254910	 1.806145
3.264350	 1.808979
6.450630	 1.805277
3.273790	 1.808120
6.469510	 1.804435
3.283230	 1.807287
3.292670	 1.810127
3.302110	 1.812955
3.311550	 1.815791
3.775920	 1.817713
3.775920	 1.819666
3.785360	 1.821630
3.794800	 1.823605
3.804240	 1.825592
3.804240	 1.827608
3.813680	 1.829635
3.823120	 1.831672
3.823120	 1.833739
3.832560	 1.835817
3.842000	 1.837905
3.851440	 1.840004
3.851440	 1.842131
3.860880	 1.844269
3.870320	 1.846417
3.870320	 1.848594
3.879760	 1.850781
3.889200	 1.852977
3.898640	 1.855184
3.898640	 1.857418
3.908080	 1.859663
3.917520	 1.861916
3.917520	 1.864198
3.926960	 1.866489
3.936400	 1.868790
3.936400	 1.871118
3.945840	 1.873455
3.955280	 1.875802
3.955280	 1.878175
3.964720	 1.880558
3.974160	 1.882949
3.974160	 1.885368
3.983600	 1.887795
3.993040	 1.890231
3.993040	 1.892693
4.002480	 1.895164
4.011920	 1.897643
4.011920	 1.900149
4.021360	 1.902663
4.030800	 1.905185
4.030800	 1.907733
4.040240	 1.910289
4.049680	 1.912853
4.049680	 1.915443
4.059120	 1.918041
4.068560	 1.920647
4.068560	 1.923278
4.078000	 1.925916
4.087440	 1.928563
4.087440	 1.931234
4.096880	 1.933913
4.106320	 1.936600
4.106320	 1.939311
4.115760	 1.942029
4.125200	 1.944755
4.125200	 1.947505
4.134640	 1.950263
4.144080	 1.953027
4.144080	 1.955816
4.153520	 1.958612
4.162960	 1.961415
4.162960	 1.964241
4.172400	 1.967075
4.172400	 1.969932
4.181840	 1.972796
4.191280	 1.975666
4.191280	 1.978560
4.200720	 1.981460
4.210160	 1.984367
4.210160	 1.987297
4.219600	 1.990234
4.219600	 1.993193
4.229040	 1.996159
4.238480	 1.999131
4.238480	 2.002126
4.247920	 2.005126
4.257360	 2.008133
4.257360	 2.011162
4.266800	 2.014198
4.266800	 2.017255
4.276240	 2.020318
4.276240	 2.023404
4.285680	 2.026495
4.285680	 2.029608
4.295120	 2.032727
4.295120	 2.035868
4.304560	 2.039014
4.304560	 2.042182
4.314000	 2.045355
4.314000	 2.048549
4.323440	 2.051749
4.323440	 2.054970
4.332880	 2.058196
4.332880	 2.061444
4.342320	 2.064696
4.342320	 2.067970
4.351760	 2.071248
4.351760	 2.074547
4.361200	 2.077851
4.361200	 2.081176
4.370640	 2.084505
4.370640	 2.087855
4.380080	 2.091209
4.380080	 2.094584
4.389520	 2.097964
4.389520	 2.101363
4.398960	 2.104767
4.398960	 2.108191
4.408400	 2.111620
4.408400	 2.115068
4.417840	 2.118521
4.417840	 2.121993
4.427280	 2.125470
4.427280	 2.128966
4.436720	 2.132466
4.436720	 2.135986
4.446160	 2.139509
4.446160	 2.143052
4.455600	 2.146599
4.455600	 2.150165
4.465040	 2.153735
4.465040	 2.157324
4.474480	 2.160916
4.482110	 2.164515
4.491550	 2.168118
4.500990	 2.171725
4.510430	 2.175335
4.519870	 2.178948
4.529310	 2.182565
4.538750	 2.186186
4.548190	 2.189810
4.557630	 2.193438
4.567070	 2.197069
4.576510	 2.200704
4.585950	 2.204342
4.595390	 2.207983
4.604830	 2.211628
4.614270	 2.215276
4.623710	 2.218928
4.633150	 2.222583
4.642590	 2.226242
9.197670	 2.222745
4.652030	 2.226437
4.661470	 2.230131
9.254310	 2.226645
4.670910	 2.230372
4.680350	 2.234102
9.310950	 2.230625
4.689790	 2.234388
9.348710	 2.230922
4.699230	 2.234716
4.708670	 2.238513
9.405350	 2.235056
4.718110	 2.238885
9.443110	 2.235439
4.727550	 2.239298
4.736990	 2.243161
9.499750	 2.239724
4.746430	 2.243617
4.755870	 2.247513
9.556390	 2.244085
4.765310	 2.248012
4.774750	 2.251940
4.784190	 2.255871
4.793630	 2.259805
4.803070	 2.263741
4.812510	 2.267679
4.821950	 2.271620
4.831390	 2.275563
4.840830	 2.279508
4.850270	 2.283456
4.859710	 2.287406
4.869150	 2.291358
9.801830	 2.287932
4.878590	 2.291914
4.888030	 2.295898
4.897470	 2.299885
9.877350	 2.296466
4.906910	 2.300482
4.916350	 2.304500
4.925790	 2.308520
9.952870	 2.305109
4.935230	 2.309158
4.944670	 2.313209
4.954110	 2.311211
4.963550	 2.309219
4.972990	 2.307232
4.982430	 2.305252
4.991870	 2.303277
5.001310	 2.301308
5.010750	 2.299345
5.020190	 2.297387
5.029630	 2.295435
5.039070	 2.293489
5.048510	 2.291549
5.057950	 2.289614
5.067390	 2.287685
5.076830	 2.285761
5.086270	 2.283843
5.095710	 2.281930
5.105150	 2.280023
5.114590	 2.278122
5.124030	 2.276226
5.134900	 2.274333
5.153780	 2.272432
5.172660	 2.270523
5.191540	 2.268606
5.210420	 2.266682
5.229300	 2.264749
5.248180	 2.262808
5.267060	 2.260859
5.285940	 2.258903
5.304820	 2.256938
5.323700	 2.254966
5.342580	 2.252986
5.361460	 2.250998
5.380340	 2.249003
5.399220	 2.247000
5.418100	 2.244989
5.436980	 2.242971
5.455860	 2.240945
5.474740	 2.238912
5.474740	 2.236897
5.493620	 2.234875
5.512500	 2.232846
5.512500	 2.230835
5.531380	 2.228817
5.550260	 2.226791
5.550260	 2.224784
5.569140	 2.222769
5.588020	 2.220747
5.588020	 2.218744
5.606900	 2.216733
5.616460	 2.214727
5.625900	 2.212727
5.635340	 2.210732
6.041520	 2.208200
6.050960	 2.205674
6.060400	 2.203155
6.069840	 2.200643
6.079280	 2.198138
6.088720	 2.195640
6.098160	 2.193148
6.107600	 2.190664
6.117040	 2.188186
6.126480	 2.185714
6.135920	 2.183250
6.145360	 2.180792
6.154800	 2.178340
6.164240	 2.175896
6.173680	 2.173458
6.183120	 2.171026
6.192560	 2.168601
6.202000	 2.166182
6.211440	 2.163770
6.220880	 2.161365
6.230320	 2.158965
6.239760	 2.156572
6.249200	 2.154186
6.258640	 2.151806
6.268080	 2.149432
6.277520	 2.147064
6.286960	 2.144703
6.296400	 2.142348
6.305840	 2.139999
6.315280	 2.137656
6.324720	 2.135320
6.334160	 2.132989
6.343600	 2.130665
6.353040	 2.128347
6.362480	 2.126035
6.371920	 2.123729
6.381360	 2.121429
6.390800	 2.119135
6.400240	 2.116847
6.400240	 2.114577
6.409680	 2.112313
6.409680	 2.110067
6.419120	 2.107827
6.419120	 2.105605
6.428560	 2.103389
6.428560	 2.101191
6.438000	 2.098998
6.438000	 2.096823
6.447440	 2.094654
6.447440	 2.092502
6.456880	 2.090356
6.456880	 2.088228
6.466320	 2.086104
6.466320	 2.083999
6.475760	 2.081899
6.475760	 2.079816
6.485070	 2.077738
6.485070	 2.075678
6.494380	 2.073624
6.494380	 2.071586
6.503700	 2.069554
6.522580	 2.067515
6.522580	 2.065493
6.541460	 2.063464
6.541460	 2.061452
6.560340	 2.059434
6.560340	 2.057432
6.579220	 2.055424
6.579220	 2.053432
6.598100	 2.051434
6.598100	 2.049452
6.616980	 2.047464
6.616980	 2.045492
6.635860	 2.043513
6.635860	 2.041551
6.654740	 2.039583
6.654740	 2.037630
6.673620	 2.035671
6.673620	 2.033729
6.692500	 2.031780
6.692500	 2.029847
6.711380	 2.027907
6.711380	 2.025983
6.730260	 2.024053
6.730260	 2.022139
6.749140	 2.020219
6.749140	 2.018314
6.768020	 2.016403
6.786900	 2.014484
6.805780	 2.012559
6.824660	 2.010627
6.843540	 2.008689
6.862420	 2.006743
6.881300	 2.004791
6.900180	 2.002832
6.900180	 2.000889
6.919060	 1.998940
6.937940	 1.996983
6.956820	 1.995021
6.975700	 1.993051
6.975700	 1.991098
6.994580	 1.989138
6.994580	 1.987194
7.013460	 1.985243
7.013460	 1.983308
7.032340	 1.981367
7.032340	 1.979441
7.051220	 1.977509
7.051220	 1.975593
7.070100	 1.973670
7.070100	 1.971763
7.088980	 1.969849
7.088980	 1.967951
7.107860	 1.966047
7.107860	 1.964158
7.126740	 1.962262
7.126740	 1.960382
7.145620	 1.958495
7.145620	 1.956624
7.164500	 1.954746
7.164500	 1.952884
7.183380	 1.951015
7.183380	 1.949161
7.202260	 1.947301
7.202260	 1.945456
7.221140	 1.943604
7.221140	 1.941768
7.240020	 1.939925
7.240020	 1.938097
7.258900	 1.936263
7.258900	 1.934443
7.277780	 1.932617
7.277780	 1.930807
7.296660	 1.928989
7.296660	 1.927187
7.315540	 1.925378
7.315540	 1.923584
7.334420	 1.921783
7.334420	 1.919997
7.353300	 1.918204
7.353300	 1.916427
7.372180	 1.914643
7.372180	 1.912873
7.391060	 1.911097
7.391060	 1.909336
7.409940	 1.907568
7.409940	 1.905814
7.428820	 1.904054
7.428820	 1.902309
7.447700	 1.900557
7.447700	 1.898820
7.466580	 1.897076
7.466580	 1.895346
7.485460	 1.893610
7.485460	 1.891889
7.504340	 1.890160
7.504340	 1.888446
7.523220	 1.886726
7.523220	 1.885020
7.542100	 1.883307
7.542100	 1.881609
7.560980	 1.879903
7.560980	 1.878213
7.579860	 1.876515
7.579860	 1.874832
7.598740	 1.873142
7.598740	 1.871466
7.617620	 1.869784
7.617620	 1.868115
7.636500	 1.866440
7.636500	 1.864780
7.655380	 1.863112
7.655380	 1.861459
7.674260	 1.859798
7.674260	 1.858152
7.674260	 1.856520
7.693140	 1.854882
7.693140	 1.853257
7.712020	 1.851625
7.712020	 1.850007
7.730900	 1.848383
7.730900	 1.846772
7.749780	 1.845155
7.749780	 1.843551
7.768660	 1.841941
7.768660	 1.840345
7.787540	 1.838741
7.787540	 1.837152
7.806420	 1.835556
7.806420	 1.833973
7.825300	 1.832384
7.825300	 1.830808
7.844180	 1.829225
7.844180	 1.827657
7.863060	 1.826081
7.863060	 1.824519
7.881940	 1.822950
7.881940	 1.821395
7.900820	 1.819832
7.900820	 1.818284
7.919700	 1.816728
7.919700	 1.815186
7.938580	 1.813638
7.938580	 1.812102
7.957460	 1.810560
7.957460	 1.809031
7.976340	 1.807496
7.976340	 1.805974
7.995220	 1.804445
7.995220	 1.802929
8.014100	 1.801406
8.014100	 1.799897
8.032980	 1.798381
8.032980	 1.796878
8.051860	 1.795368
8.051860	 1.793872
8.070740	 1.792369
8.070740	 1.790878
8.089620	 1.789381
8.089620	 1.787897
8.108500	 1.786407
8.108500	 1.784929
8.127380	 1.783445
8.127380	 1.781973
8.146260	 1.780495
8.146260	 1.779030
8.165140	 1.777558
8.165140	 1.776099
8.184020	 1.774633
8.184020	 1.773180
8.202900	 1.771720
8.202900	 1.770273
8.221780	 1.768819
8.221780	 1.767378
8.240660	 1.765930
8.240660	 1.764495
8.259540	 1.763053
8.259540	 1.761624
8.278420	 1.760189
8.278420	 1.758765
8.297300	 1.757336
8.297300	 1.755918
8.316180	 1.754494
8.316180	 1.753083
8.335060	 1.751665
8.335060	 1.750259
8.353940	 1.748846
8.353940	 1.747447
8.372820	 1.746040
8.372820	 1.744646
8.391700	 1.743245
8.391700	 1.741856
8.410580	 1.740461
8.410580	 1.739078
8.429460	 1.737689
8.429460	 1.736312
8.448340	 1.734928
8.448340	 1.733556
8.467220	 1.732178
8.467220	 1.730812
8.486100	 1.729439
8.486100	 1.728078
8.504980	 1.726711
8.504980	 1.725356
8.504980	 1.724013
8.523860	 1.722664
8.523860	 1.721326
8.542740	 1.719982
8.542740	 1.718650
8.561620	 1.717311
8.561620	 1.715984
8.580500	 1.714651
8.580500	 1.713330
8.599380	 1.712001
8.599380	 1.710685
8.618260	 1.709362
8.618260	 1.708051
8.637140	 1.706734
8.637140	 1.705428
8.656020	 1.704116
8.656020	 1.702815
8.674900	 1.701508
8.674900	 1.700213
8.693780	 1.698910
8.693780	 1.697620
8.712660	 1.696323
8.712660	 1.695038
8.731540	 1.693746
8.731540	 1.692466
8.750420	 1.691179
8.750420	 1.689904
8.769300	 1.688622
8.769300	 1.687352
8.788180	 1.686075
8.788180	 1.684810
8.807060	 1.683539
8.807060	 1.682278
8.825940	 1.681011
8.825940	 1.679756
8.844820	 1.678494
8.844820	 1.677244
8.863700	 1.675987
8.863700	 1.674741
8.882580	 1.673489
8.882580	 1.672248
8.901460	 1.671001
8.901460	 1.669765
8.920340	 1.668522
8.920340	 1.667291
8.939220	 1.666053
8.939220	 1.664827
8.958100	 1.663594
8.958100	 1.662372
8.976980	 1.661144
8.976980	 1.659927
8.995860	 1.658703
8.995860	 1.657491
9.014740	 1.656272
9.014740	 1.655064
9.033620	 1.653850
9.033620	 1.652647
9.052500	 1.651437
9.052500	 1.650238
9.071380	 1.649033
9.071380	 1.647839
9.090260	 1.646639
9.090260	 1.645449
9.109140	 1.644253
9.109140	 1.643068
9.128020	 1.641877
9.128020	 1.640696
9.146900	 1.639509
9.146900	 1.638333
9.165780	 1.637150
9.165780	 1.635979
9.184660	 1.634801
9.184660	 1.633633
9.203540	 1.632460
9.203540	 1.631297
9.222420	 1.630127
9.222420	 1.628969
9.241300	 1.627804
9.241300	 1.626650
9.260180	 1.625489
9.260180	 1.624339
9.279060	 1.623183
9.279060	 1.622037
9.297940	 1.620885
9.297940	 1.619744
9.316820	 1.618596
9.316820	 1.617459
9.335700	 1.616315
9.335700	 1.615182
9.354580	 1.614043
9.354580	 1.612914
9.354580	 1.611797
9.373460	 1.610672
9.373460	 1.609558
9.392340	 1.608438
9.392340	 1.607328
9.411220	 1.606212
9.411220	 1.605107
9.430100	 1.603994
9.430100	 1.602893
9.448980	 1.601785
9.448980	 1.600687
9.467860	 1.599583
9.467860	 1.598490
9.486740	 1.597390
9.486740	 1.596300
9.505620	 1.595204
9.505620	 1.594119
9.524500	 1.593026
9.524500	 1.591945
9.543380	 1.590857
9.543380	 1.589779
9.562260	 1.588695
9.562260	 1.587621
9.581140	 1.586541
9.581140	 1.585471
9.600020	 1.584394
