1.000000	 0.004190
1.004190	 0.006590
1.008190	 0.011520
1.016380	 0.016033
1.024580	 0.020378
1.032770	 0.024640
1.040960	 0.028854
1.049150	 0.033040
1.057340	 0.037206
1.065540	 0.041357
1.073730	 0.045498
1.081920	 0.049632
1.090110	 0.053760
1.098300	 0.057884
1.106500	 0.062003
1.114690	 0.066120
1.122880	 0.070234
1.131070	 0.074347
1.139260	 0.078457
1.147460	 0.082567
1.155650	 0.086674
1.163840	 0.090781
1.172030	 0.094887
1.180220	 0.098992
1.188420	 0.103096
1.196610	 0.107200
1.204800	 0.111303
1.212990	 0.115406
1.221180	 0.119508
1.229380	 0.123610
1.237570	 0.127711
1.245760	 0.131812
1.253950	 0.135913
1.262140	 0.140013
1.270340	 0.144113
1.278530	 0.148213
1.286720	 0.152313
1.294910	 0.156413
1.303100	 0.160512
1.311300	 0.164611
1.319490	 0.168710
1.327680	 0.172809
1.335870	 0.176908
1.344060	 0.181007
1.352260	 0.185105
1.360450	 0.189203
1.368640	 0.193302
1.376830	 0.197400
1.385020	 0.201498
1.393220	 0.205596
1.401410	 0.209694
1.409600	 0.213792
1.417790	 0.217890
1.425980	 0.221988
1.434180	 0.226085
1.442370	 0.230183
1.450560	 0.234280
1.458750	 0.238378
1.466940	 0.242475
1.475140	 0.246573
1.483330	 0.250670
1.491520	 0.254767
1.499710	 0.258865
1.507900	 0.262962
1.516100	 0.267059
1.524290	 0.271156
1.532480	 0.275254
1.540670	 0.279351
1.548860	 0.283448
1.557060	 0.287545
1.565250	 0.291642
1.573440	 0.295739
1.581630	 0.299836
1.589820	 0.303933
1.598020	 0.308030
1.606210	 0.312127
1.614400	 0.316224
1.622590	 0.320320
1.630780	 0.324417
1.638980	 0.328514
1.647170	 0.332611
1.655360	 0.336708
1.663550	 0.340804
1.671740	 0.344901
1.679940	 0.348998
1.688130	 0.353094
1.696320	 0.357191
1.704510	 0.361288
1.712700	 0.365384
1.720900	 0.369481
1.729090	 0.373578
1.737280	 0.377674
1.745470	 0.381771
1.753660	 0.385868
1.761860	 0.389964
1.770050	 0.394061
1.778240	 0.398157
1.786430	 0.402254
1.794620	 0.406350
1.802820	 0.410447
1.811010	 0.414543
1.819200	 0.418640
1.827390	 0.422736
1.835580	 0.426833
1.843780	 0.430929
1.851970	 0.435026
1.860160	 0.439122
1.868350	 0.443219
1.876540	 0.447315
1.884740	 0.451411
1.892930	 0.455508
1.901120	 0.459604
1.909310	 0.463701
1.917500	 0.467797
1.925700	 0.471893
1.933890	 0.475990
1.942080	 0.480086
1.950270	 0.484183
1.958460	 0.488279
1.966660	 0.492375
1.974850	 0.496472
1.983040	 0.500568
1.991230	 0.504664
1.999420	 0.508761
2.007620	 0.512857
2.015810	 0.516953
2.024000	 0.521050
2.032190	 0.525146
2.040390	 0.529242
2.048580	 0.533339
2.056770	 0.537435
2.064960	 0.541531
2.073150	 0.545628
2.081350	 0.549724
2.089540	 0.553820
2.097730	 0.557916
2.105920	 0.562013
2.114110	 0.566109
2.122310	 0.570205
2.130500	 0.574302
2.138690	 0.578398
2.146880	 0.582494
2.155070	 0.586590
2.163270	 0.590687
2.171460	 0.594783
2.179650	 0.598879
2.187840	 0.602975
2.196030	 0.607071
2.204230	 0.611168
2.212420	 0.615264
2.220610	 0.619360
2.228800	 0.623456
2.236990	 0.627553
2.245190	 0.631649
2.253380	 0.635745
2.261570	 0.639841
2.269760	 0.643937
2.277950	 0.648034
2.286150	 0.652130
2.294340	 0.656226
2.302530	 0.660322
2.310720	 0.664418
2.318910	 0.668515
2.327110	 0.672611
2.335300	 0.676707
2.343490	 0.680803
2.351680	 0.684899
2.359870	 0.688996
2.368070	 0.693092
2.376260	 0.697188
2.384450	 0.701284
2.392640	 0.705380
2.400830	 0.709476
2.409030	 0.713573
2.417220	 0.717669
2.425410	 0.721765
2.433600	 0.725861
2.441790	 0.729957
2.449990	 0.734053
2.458180	 0.738150
2.466370	 0.742246
2.474560	 0.746342
2.482750	 0.750438
2.490950	 0.754534
2.499140	 0.758630
2.507330	 0.762727
2.515520	 0.766823
2.523710	 0.770919
2.531910	 0.775015
2.540100	 0.779111
2.548290	 0.783207
2.556480	 0.787303
2.564670	 0.791400
2.572870	 0.795496
2.581060	 0.799592
2.589250	 0.803688
2.597440	 0.807784
2.605630	 0.811880
2.613830	 0.815976
2.622020	 0.820073
2.630210	 0.824169
2.638400	 0.828265
2.646590	 0.832361
2.654790	 0.836457
2.662980	 0.840553
2.671170	 0.844649
2.679360	 0.848746
2.687550	 0.852842
2.695750	 0.856938
2.703940	 0.861034
2.712130	 0.865130
2.720320	 0.869226
2.728510	 0.873322
2.736710	 0.877418
2.744900	 0.881515
2.753090	 0.885611
2.761280	 0.889707
2.769470	 0.893803
2.777670	 0.897899
2.785860	 0.901995
2.794050	 0.906091
2.802240	 0.910187
2.810430	 0.914283
2.818630	 0.918380
2.826820	 0.922476
2.835010	 0.926572
2.843200	 0.930668
2.851390	 0.934764
2.859590	 0.938860
2.867780	 0.942956
2.875970	 0.947052
2.884160	 0.951148
2.892350	 0.955245
2.900550	 0.959341
2.908740	 0.963437
2.916930	 0.967533
2.925120	 0.971629
2.933310	 0.975725
2.941510	 0.979821
2.949700	 0.983917
2.957890	 0.988013
2.966080	 0.992109
2.974270	 0.996205
2.982470	 1.000302
2.990660	 1.004398
2.998850	 1.008494
3.007040	 1.012590
3.015240	 1.016686
3.023430	 1.020782
3.031620	 1.024878
3.039810	 1.028974
3.048000	 1.033070
3.056200	 1.037166
3.064390	 1.041262
3.072580	 1.045359
3.080770	 1.049455
3.088960	 1.053551
3.097160	 1.057647
3.105350	 1.061743
3.113540	 1.065839
3.121730	 1.069935
3.129920	 1.074031
3.138120	 1.078127
3.146310	 1.082223
3.154500	 1.086319
3.162690	 1.090415
3.170880	 1.094511
3.179080	 1.098608
3.187270	 1.102704
3.195460	 1.106800
3.203650	 1.110896
3.211840	 1.114992
3.220040	 1.119088
3.228230	 1.123184
3.236420	 1.127280
3.244610	 1.131376
3.252800	 1.135472
3.261000	 1.139568
3.269190	 1.143664
3.277380	 1.147760
3.285570	 1.151857
3.293760	 1.155953
3.301960	 1.160049
3.310150	 1.164145
3.318340	 1.168241
3.326530	 1.172337
3.334720	 1.176433
3.342920	 1.180529
3.351110	 1.184625
3.359300	 1.188721
3.367490	 1.192817
3.375680	 1.196913
3.383880	 1.201009
3.392070	 1.205105
3.400260	 1.209201
3.408450	 1.213297
3.416640	 1.217394
3.424840	 1.221490
3.433030	 1.225586
3.441220	 1.229682
3.449410	 1.233778
3.457600	 1.237874
3.465800	 1.241970
3.473990	 1.246066
3.482180	 1.250162
3.490370	 1.254258
3.498560	 1.258354
3.506760	 1.262450
3.514950	 1.266546
3.523140	 1.270642
3.531330	 1.274738
3.539520	 1.278834
3.547720	 1.282931
3.555910	 1.287027
3.564100	 1.291123
3.572290	 1.295219
3.580480	 1.299315
3.588680	 1.303411
3.596870	 1.307507
3.605060	 1.311603
3.613250	 1.315699
3.621440	 1.319795
3.629640	 1.323891
3.637830	 1.327987
3.646020	 1.332083
3.654210	 1.336179
3.662400	 1.340275
3.670600	 1.344371
3.678790	 1.348467
3.686980	 1.352564
3.695170	 1.356660
3.703360	 1.360756
3.711560	 1.364852
3.719750	 1.368948
3.727940	 1.373044
3.736130	 1.377140
3.744320	 1.381236
3.752520	 1.385332
3.760710	 1.389428
3.768900	 1.393524
3.777090	 1.397620
3.785280	 1.401716
3.793480	 1.405812
3.801670	 1.409908
3.809860	 1.414004
3.818050	 1.418100
3.826240	 1.422196
3.834440	 1.426292
3.842630	 1.430389
3.850820	 1.434485
3.859010	 1.438581
3.867200	 1.442677
3.875400	 1.446773
3.883590	 1.450869
3.891780	 1.454965
3.899970	 1.459061
3.908160	 1.463157
3.916360	 1.467253
3.924550	 1.471349
3.932740	 1.475445
3.940930	 1.479541
3.949120	 1.483637
3.957320	 1.487733
3.965510	 1.491829
3.973700	 1.495925
3.981890	 1.500021
3.990080	 1.504117
3.998280	 1.508213
4.006470	 1.512309
4.014660	 1.516406
4.022850	 1.520502
4.031050	 1.524598
4.039240	 1.528694
4.047430	 1.532790
4.055620	 1.536886
4.063810	 1.540982
4.072010	 1.545078
4.080200	 1.549174
4.088390	 1.553270
4.096580	 1.557366
4.104770	 1.561462
4.112970	 1.565558
4.121160	 1.569654
4.129350	 1.573750
4.137540	 1.577846
4.145730	 1.581942
4.153930	 1.586038
4.162120	 1.590134
4.170310	 1.594230
4.178500	 1.598326
4.186690	 1.602422
4.194890	 1.606518
4.203080	 1.610615
4.211270	 1.614711
4.219460	 1.618807
4.227650	 1.622903
4.235850	 1.626999
4.244040	 1.631095
4.252230	 1.635191
4.260420	 1.639287
4.268610	 1.643383
4.276810	 1.647479
4.285000	 1.651575
4.293190	 1.655671
4.301380	 1.659767
4.309570	 1.663863
4.317770	 1.667959
4.325960	 1.672055
4.334150	 1.676151
4.342340	 1.680247
4.350530	 1.684343
4.358730	 1.688439
4.366920	 1.692535
4.375110	 1.696631
4.383300	 1.700727
4.391490	 1.704823
4.399690	 1.708919
4.407880	 1.713015
4.416070	 1.717111
4.424260	 1.721207
4.432450	 1.725304
4.440650	 1.729400
4.448840	 1.733496
4.457030	 1.737592
4.465220	 1.741688
4.473410	 1.745784
4.481610	 1.749880
4.489800	 1.753976
4.497990	 1.758072
4.506180	 1.762168
4.514370	 1.766264
4.522570	 1.770360
4.530760	 1.774456
4.538950	 1.778552
4.547140	 1.782648
4.555330	 1.786744
4.563530	 1.790840
4.571720	 1.794936
4.579910	 1.799032
4.588100	 1.803128
4.596290	 1.807224
4.604490	 1.811320
4.612680	 1.815416
4.620870	 1.819512
4.629060	 1.823608
4.637250	 1.827704
4.645450	 1.831800
4.653640	 1.835896
4.661830	 1.839993
4.670020	 1.844089
4.678210	 1.848185
4.686410	 1.852281
4.694600	 1.856377
4.702790	 1.860473
4.710980	 1.864569
4.719170	 1.868665
4.727370	 1.872761
4.735560	 1.876857
4.743750	 1.880953
4.751940	 1.885049
4.760130	 1.889145
4.768330	 1.893241
4.776520	 1.897337
4.784710	 1.901433
4.792900	 1.905529
4.801090	 1.909625
4.809290	 1.913721
4.817480	 1.917817
4.825670	 1.921913
4.833860	 1.926009
4.842050	 1.930105
4.850250	 1.934201
4.858440	 1.938297
4.866630	 1.942393
4.874820	 1.946489
4.883010	 1.950585
4.891210	 1.954681
4.899400	 1.958777
4.907590	 1.962874
4.915780	 1.966970
4.923970	 1.971066
4.932170	 1.975162
4.940360	 1.979258
4.948550	 1.983354
4.956740	 1.987450
4.964930	 1.991546
4.973130	 1.995642
4.981320	 1.999738
4.989510	 2.003834
4.997700	 2.007930
5.005900	 2.012026
5.014090	 2.016122
5.022280	 2.020218
5.030470	 2.024314
5.038660	 2.028410
5.046860	 2.032506
5.055050	 2.036602
5.063240	 2.040698
5.071430	 2.044794
5.079620	 2.048890
5.087820	 2.052986
5.096010	 2.057082
5.104200	 2.061178
5.112390	 2.065274
5.120580	 2.069370
5.128780	 2.073466
5.136970	 2.077562
5.145160	 2.081658
5.153350	 2.085754
5.161540	 2.089850
5.169740	 2.093946
5.177930	 2.098042
5.186120	 2.102138
5.194310	 2.106234
5.202500	 2.110331
5.210700	 2.114427
5.218890	 2.118523
5.227080	 2.122619
5.235270	 2.126715
5.243460	 2.130811
5.251660	 2.134907
5.259850	 2.139003
5.268040	 2.143099
5.276230	 2.147195
5.284420	 2.151291
5.292620	 2.155387
5.300810	 2.159483
5.309000	 2.163579
5.317190	 2.167675
5.325380	 2.171771
5.333580	 2.175867
5.341770	 2.179963
5.349960	 2.184059
5.358150	 2.188155
5.366340	 2.192251
5.374540	 2.196347
5.382730	 2.200443
5.390920	 2.204539
5.399110	 2.208635
5.407300	 2.212731
5.415500	 2.216827
5.423690	 2.220923
5.431880	 2.225019
5.440070	 2.229115
5.448260	 2.233211
5.456460	 2.237307
5.464650	 2.241403
5.472840	 2.245499
5.481030	 2.249595
5.489220	 2.253691
5.497420	 2.257777
5.505610	 2.261836
5.513800	 2.257751
5.521990	 2.253681
5.530180	 2.249626
5.538380	 2.245585
5.546570	 2.241558
5.554760	 2.237547
5.562950	 2.233549
5.571140	 2.229566
5.579340	 2.225597
5.587530	 2.221642
5.595720	 2.217701
5.603910	 2.213774
5.612100	 2.209861
5.620300	 2.205962
5.628490	 2.202076
5.636680	 2.198204
5.644870	 2.194346
5.653060	 2.190501
5.661260	 2.186670
5.669450	 2.182853
5.677640	 2.179048
5.685830	 2.175257
5.694020	 2.171479
5.702220	 2.167714
5.710410	 2.163962
5.718600	 2.160223
5.726790	 2.156497
5.734980	 2.152784
5.743180	 2.149084
5.751370	 2.145396
5.759560	 2.141721
5.767750	 2.138059
5.775940	 2.134409
5.784140	 2.130772
5.792330	 2.127147
5.800520	 2.123534
5.808710	 2.119934
5.816900	 2.116346
5.825100	 2.112770
5.833290	 2.109206
5.841480	 2.105654
5.849670	 2.102114
5.857860	 2.098586
5.866060	 2.095069
5.874250	 2.091565
5.882440	 2.088072
5.890630	 2.084591
5.898820	 2.081122
5.907020	 2.077664
5.915210	 2.074217
5.923400	 2.070782
5.931590	 2.067359
5.939780	 2.063946
5.947980	 2.060545
5.956170	 2.057155
5.964360	 2.053777
5.972550	 2.050409
5.980740	 2.047053
5.988940	 2.043707
5.997130	 2.040372
6.005320	 2.037049
6.013510	 2.033736
6.021710	 2.030434
6.029900	 2.027142
6.038090	 2.023861
6.046280	 2.020591
6.054470	 2.017332
6.062670	 2.014082
6.070860	 2.010844
6.079050	 2.007616
6.087240	 2.004398
6.095430	 2.001190
6.103630	 1.997993
6.111820	 1.994806
6.120010	 1.991629
6.128200	 1.988462
6.136390	 1.985306
6.144590	 1.982159
6.152780	 1.979022
6.160970	 1.975896
6.169160	 1.972779
6.177350	 1.969672
6.185550	 1.966574
6.193740	 1.963487
6.201930	 1.960409
6.210120	 1.957341
6.218310	 1.954282
6.226510	 1.951233
6.234700	 1.948194
6.242890	 1.945164
6.251080	 1.942143
6.259270	 1.939132
6.267470	 1.936130
6.275660	 1.933137
6.283850	 1.930154
6.292040	 1.927180
6.300230	 1.924215
6.308430	 1.921259
6.316620	 1.918312
6.324810	 1.915374
6.333000	 1.912446
6.341190	 1.909526
6.349390	 1.906615
6.357580	 1.903713
6.365770	 1.900820
6.373960	 1.897936
6.382150	 1.895060
6.390350	 1.892193
6.398540	 1.889335
6.406730	 1.886485
6.414920	 1.883644
6.423110	 1.880812
6.431310	 1.877988
6.439500	 1.875172
6.447690	 1.872365
6.455880	 1.869567
6.464070	 1.866777
6.472270	 1.863995
6.480460	 1.861221
6.488650	 1.858456
6.496840	 1.855699
6.505030	 1.852950
6.513230	 1.850209
6.521420	 1.847476
6.529610	 1.844752
6.537800	 1.842035
6.545990	 1.839326
6.554190	 1.836626
6.562380	 1.833933
6.570570	 1.831248
6.578760	 1.828571
6.586950	 1.825902
6.595150	 1.823241
6.603340	 1.820587
6.611530	 1.817942
6.619720	 1.815303
6.627910	 1.812673
6.636110	 1.810050
6.644300	 1.807435
6.652490	 1.804827
6.660680	 1.802227
6.668870	 1.799634
6.677070	 1.797049
6.685260	 1.794471
6.693450	 1.791901
6.701640	 1.789338
6.709830	 1.786782
6.718030	 1.784234
6.726220	 1.781693
6.734410	 1.779159
6.742600	 1.776632
6.750790	 1.774113
6.758990	 1.771600
6.767180	 1.769095
6.775370	 1.766597
6.783560	 1.764106
6.791750	 1.761622
6.799950	 1.759145
6.808140	 1.756675
6.816330	 1.754211
6.824520	 1.751755
6.832710	 1.749306
6.840910	 1.746863
6.849100	 1.744428
6.857290	 1.741999
6.865480	 1.739577
6.873670	 1.737161
6.881870	 1.734752
6.890060	 1.732350
6.898250	 1.729955
6.906440	 1.727566
6.914630	 1.725184
6.922830	 1.722809
6.931020	 1.720440
6.939210	 1.718077
6.947400	 1.715721
6.955590	 1.713372
6.963790	 1.711028
6.971980	 1.708692
6.980170	 1.706361
6.988360	 1.704038
6.996550	 1.701720
7.004750	 1.699409
7.012940	 1.697104
7.021130	 1.694805
7.029320	 1.692512
7.037520	 1.690226
7.045710	 1.687946
7.053900	 1.685672
7.062090	 1.683404
7.070280	 1.681142
7.078480	 1.678886
7.086670	 1.676637
7.094860	 1.674393
7.103050	 1.672156
7.111240	 1.669924
7.119440	 1.667698
7.127630	 1.665479
7.135820	 1.663265
7.144010	 1.661057
7.152200	 1.658855
7.160400	 1.656659
7.168590	 1.654468
7.176780	 1.652284
7.184970	 1.650105
7.193160	 1.647932
7.201360	 1.645764
7.209550	 1.643603
7.217740	 1.641447
7.225930	 1.639296
7.234120	 1.637152
7.242320	 1.635013
7.250510	 1.632879
7.258700	 1.630751
7.266890	 1.628629
7.275080	 1.626512
7.283280	 1.624401
7.291470	 1.622295
7.299660	 1.620194
7.307850	 1.618100
7.316040	 1.616010
7.324240	 1.613926
7.332430	 1.611847
7.340620	 1.609774
7.348810	 1.607706
7.357000	 1.605643
7.365200	 1.603586
7.373390	 1.601533
7.381580	 1.599487
7.389770	 1.597445
7.397960	 1.595408
7.406160	 1.593377
7.414350	 1.591351
7.422540	 1.589330
7.430730	 1.587314
7.438920	 1.585304
7.447120	 1.583298
7.455310	 1.581298
7.463500	 1.579302
7.471690	 1.577312
7.479880	 1.575326
7.488080	 1.573346
7.496270	 1.571371
7.504460	 1.569400
7.512650	 1.567435
7.520840	 1.565474
7.529040	 1.563519
7.537230	 1.561568
7.545420	 1.559622
7.553610	 1.557681
7.561800	 1.555745
7.570000	 1.553813
7.578190	 1.551887
7.586380	 1.549965
7.594570	 1.548048
7.602760	 1.546135
7.610960	 1.544228
7.619150	 1.542325
7.627340	 1.540427
7.635530	 1.538533
7.643720	 1.536645
7.651920	 1.534760
7.660110	 1.532881
7.668300	 1.531006
7.676490	 1.529135
7.684680	 1.527270
7.692880	 1.525408
7.701070	 1.523552
7.709260	 1.521699
7.717450	 1.519852
7.725640	 1.518009
7.733840	 1.516170
7.742030	 1.514336
7.750220	 1.512506
7.758410	 1.510680
7.766600	 1.508859
7.774800	 1.507043
7.782990	 1.505231
7.791180	 1.503423
7.799370	 1.501619
7.807560	 1.499820
7.815760	 1.498025
7.823950	 1.496235
7.832140	 1.494448
7.840330	 1.492666
7.848520	 1.490889
7.856720	 1.489115
7.864910	 1.487346
7.873100	 1.485581
7.881290	 1.483820
7.889480	 1.482063
7.897680	 1.480311
7.905870	 1.478562
7.914060	 1.476818
7.922250	 1.475078
7.930440	 1.473342
7.938640	 1.471610
7.946830	 1.469882
7.955020	 1.468158
7.963210	 1.466438
7.971400	 1.464722
7.979600	 1.463011
7.987790	 1.461303
7.995980	 1.459599
8.004170	 1.457899
8.012370	 1.456204
8.020560	 1.454512
8.028750	 1.452824
8.036940	 1.451140
8.045130	 1.449460
8.053330	 1.447784
8.061520	 1.446111
8.069710	 1.444443
8.077900	 1.442778
8.086090	 1.441118
8.094290	 1.439461
8.102480	 1.437808
8.110670	 1.436158
8.118860	 1.434513
8.127050	 1.432871
8.135250	 1.431233
8.143440	 1.429599
8.151630	 1.427968
8.159820	 1.426341
8.168010	 1.424718
8.176210	 1.423099
8.184400	 1.421483
8.192590	 1.419871
8.200780	 1.418263
8.208970	 1.416658
8.217170	 1.415057
8.225360	 1.413460
8.233550	 1.411866
8.241740	 1.410276
8.249930	 1.408689
8.258130	 1.407106
8.266320	 1.405526
8.274510	 1.403950
8.282700	 1.402378
8.290890	 1.400809
8.299090	 1.399244
8.307280	 1.397682
8.315470	 1.396123
8.323660	 1.394568
8.331850	 1.393017
8.340050	 1.391469
8.348240	 1.389924
8.356430	 1.388383
8.364620	 1.386845
8.372810	 1.385311
8.381010	 1.383780
8.389200	 1.382253
8.397390	 1.380729
8.405580	 1.379208
8.413770	 1.377690
8.421970	 1.376176
8.430160	 1.374666
8.438350	 1.373158
8.446540	 1.371654
8.454730	 1.370153
8.462930	 1.368656
8.471120	 1.367161
8.479310	 1.365670
8.487500	 1.364183
8.495690	 1.362698
8.503890	 1.361217
8.512080	 1.359739
8.520270	 1.358264
8.528460	 1.356792
8.536650	 1.355324
8.544850	 1.353859
8.553040	 1.352397
8.561230	 1.350938
8.569420	 1.349482
8.577610	 1.348029
8.585810	 1.346580
8.594000	 1.345134
8.602190	 1.343690
8.610380	 1.342250
8.618570	 1.340813
8.626770	 1.339379
8.634960	 1.337948
8.643150	 1.336520
8.651340	 1.335096
8.659530	 1.333674
8.667730	 1.332255
8.675920	 1.330839
8.684110	 1.329427
8.692300	 1.328017
8.700490	 1.326610
8.708690	 1.325207
8.716880	 1.323806
8.725070	 1.322408
8.733260	 1.321013
8.741450	 1.319621
8.749650	 1.318232
8.757840	 1.316846
8.766030	 1.315463
8.774220	 1.314083
8.782410	 1.312706
8.790610	 1.311331
8.798800	 1.309960
8.806990	 1.308591
8.815180	 1.307225
8.823370	 1.305863
8.831570	 1.304502
8.839760	 1.303145
8.847950	 1.301791
8.856140	 1.300439
8.864330	 1.299090
8.872530	 1.297744
8.880720	 1.296401
8.888910	 1.295061
8.897100	 1.293723
8.905290	 1.292388
8.913490	 1.291056
8.921680	 1.289727
8.929870	 1.288400
8.938060	 1.287076
8.946250	 1.285755
8.954450	 1.284437
8.962640	 1.283121
8.970830	 1.281808
8.979020	 1.280498
8.987210	 1.279190
8.995410	 1.277885
9.003600	 1.276583
9.011790	 1.275283
9.019980	 1.273986
9.028180	 1.272692
9.036370	 1.271400
9.044560	 1.270111
9.052750	 1.268824
9.060940	 1.267540
9.069140	 1.266259
9.077330	 1.264980
9.085520	 1.263704
9.093710	 1.262431
9.101900	 1.261160
9.110100	 1.259891
9.118290	 1.258625
9.126480	 1.257362
9.134670	 1.256101
9.142860	 1.254843
9.151060	 1.253587
9.159250	 1.252334
9.167440	 1.251084
9.175630	 1.249835
9.183820	 1.248590
9.192020	 1.247347
9.200210	 1.246106
9.208400	 1.244868
9.216590	 1.243632
9.224780	 1.242398
9.232980	 1.241168
9.241170	 1.239939
9.249360	 1.238713
9.257550	 1.237490
9.265740	 1.236268
9.273940	 1.235050
9.282130	 1.233833
9.290320	 1.232619
9.298510	 1.231408
9.306700	 1.230199
9.314900	 1.228992
9.323090	 1.227788
9.331280	 1.226586
9.339470	 1.225386
9.347660	 1.224189
9.355860	 1.222994
9.364050	 1.221801
9.372240	 1.220611
9.380430	 1.219423
9.388620	 1.218237
9.396820	 1.217053
9.405010	 1.215872
9.413200	 1.214694
9.421390	 1.213517
9.429580	 1.212343
9.437780	 1.211171
9.445970	 1.210001
9.454160	 1.208834
9.462350	 1.207669
9.470540	 1.206506
9.478740	 1.205345
9.486930	 1.204187
9.495120	 1.203031
9.503310	 1.201877
9.511500	 1.200725
9.519700	 1.199575
9.527890	 1.198428
9.536080	 1.197283
9.544270	 1.196140
9.552460	 1.194999
9.560660	 1.193861
9.568850	 1.192724
9.577040	 1.191590
9.585230	 1.190458
9.593420	 1.189328
9.601620	 1.188200
9.609810	 1.187074
9.618000	 1.185951
9.626190	 1.184830
9.634380	 1.183710
9.642580	 1.182593
9.650770	 1.181478
9.658960	 1.180365
9.667150	 1.179255
9.675340	 1.178146
9.683540	 1.177039
9.691730	 1.175935
9.699920	 1.174832
9.708110	 1.173732
9.716300	 1.172633
9.724500	 1.171537
9.732690	 1.170443
9.740880	 1.169351
9.749070	 1.168261
9.757260	 1.167173
9.765460	 1.166086
9.773650	 1.165002
9.781840	 1.163920
9.790030	 1.162840
9.798220	 1.161762
9.806420	 1.160686
9.814610	 1.159612
9.822800	 1.158540
9.830990	 1.157470
9.839180	 1.156402
9.847380	 1.155336
9.855570	 1.154272
9.863760	 1.153210
9.871950	 1.152150
9.880140	 1.151091
9.888340	 1.150035
9.896530	 1.148981
9.904720	 1.147928
9.912910	 1.146878
9.921100	 1.145829
9.929300	 1.144783
9.937490	 1.143738
9.945680	 1.142695
9.953870	 1.141654
9.962060	 1.140615
9.970260	 1.139578
9.978450	 1.138543
9.986640	 1.137510
9.994830	 1.136478
10.000000	 1.135448
10.002100	 1.134419
